200
2560 19
50332 46678 47585 3919 30532 23625 61536 87694 42077 12033 47035 9355 57157 34286 98687 53012 90653 54891 36243 
1537 20
2729 10681 17099 61374 83836 54007 77438 33275 48693 87307 6451 97801 74527 86409 37321 72268 12074 42729 91907 69114 
9732 19
14832 97694 50564 25547 30621 34279 5122 46395 91031 70399 68587 27469 45457 23923 59657 97489 23745 16150 21619 
1542 20
46442 43483 41059 88883 53326 50781 35572 2698 91068 37154 57961 47800 48422 41041 74937 86246 25437 20852 23501 32276 
2054 20
6185 2201 64013 78287 15150 45711 78222 94677 57039 80293 59767 91659 1710 92636 85047 93387 64706 38213 27668 44097 
5639 20
56052 37394 83004 3492 9399 80119 40505 6993 93994 10915 18113 34598 24597 47904 35423 54255 48368 36910 98037 5820 
3597 20
44464 59146 40462 90138 15572 37962 55285 73670 12667 43268 82493 26650 30212 76133 11413 84345 10118 95110 90342 43181 
1551 19
51535 8504 60973 21609 57225 44066 4790 97265 88606 34746 9404 37223 2684 97317 57630 56068 41567 12481 68416 
19 20
34109 45938 53043 53181 50289 57153 31923 54031 10987 41297 84320 289 82303 84845 77516 62074 59697 33832 2596 15417 
4630 20
54033 66660 29479 82768 368 79817 7100 67946 28823 94786 91356 57171 84525 47610 48216 7177 43959 84719 69243 72945 
8728 19
18116 56671 74374 71936 65433 81479 50050 33260 74978 32405 35203 10134 47730 87702 69082 35881 73194 15654 72584 
1561 18
5669 37006 71237 27889 9880 92091 16710 90433 18027 37612 58267 53032 30326 38789 16984 92126 87458 25619 
9242 19
37102 31590 37862 42919 52262 54825 21470 49420 6430 89260 26479 1941 78355 3638 74072 29313 86748 33400 10725 
3099 20
95897 24562 73481 19156 75284 70504 91092 80302 89187 11896 70860 540 98898 33907 70395 45758 67095 61304 23576 13117 
7197 19
37221 50884 79354 60373 29183 57881 32052 40527 45087 70548 85002 33752 57825 9789 17486 47711 35493 22905 23852 
7709 19
78733 56021 53259 9816 23021 71892 70512 99195 6194 91415 67654 80735 37972 88615 17174 28069 69407 58854 24499 
8736 20
350 80692 94262 85576 69455 11859 60008 16084 5591 90079 66827 24446 33504 25964 33706 8865 51427 38512 21646 49650 
2595 20
6211 32210 37988 56102 53077 20237 43589 65394 85163 4574 7402 74434 24051 14294 89403 99774 58789 21527 68600 47277 
2596 18
92388 99555 76435 8770 62448 85984 61967 77235 7317 89768 27542 34838 39432 81132 13673 55132 99463 27348 
6185 19
1550 49168 10957 43886 85140 80553 92901 47875 81670 94908 4259 53631 50605 13777 26521 64503 75533 39140 88182 
4139 19
31040 42697 81556 15677 4532 29502 99384 58217 88407 30583 66706 31160 22546 17427 49140 37278 98735 54109 56378 
3629 20
88364 93128 12758 6044 4753 64501 72472 68531 21168 51851 99147 5750 26714 66715 789 44889 16242 5300 70113 24513 
8750 18
87766 31847 58401 62683 92134 56668 74777 7264 9468 44610 22364 32270 34853 49185 38092 51553 88161 83312 
3120 20
86000 85769 41195 63599 807 80761 92494 16260 89957 70284 74725 45779 99902 95577 81665 82105 3756 54200 75149 72215 
6193 20
14845 39912 86553 46958 60882 3566 36402 35872 91125 30943 9104 75383 99532 81647 90838 5896 80380 6591 8650 48885 
7218 20
88476 10604 7404 9385 45458 75619 21624 19101 68180 17868 51664 58235 32922 67526 41014 53763 46565 49821 91340 42873 
1586 18
75129 45853 99143 9184 91872 46358 98168 81029 6839 70460 64819 37911 42446 5425 59150 72033 30002 79629 
2611 19
55573 29626 97483 70329 20784 29310 30014 20379 35787 75980 2252 2013 42207 85641 52184 57813 46689 72537 71017 
7219 17
79025 10232 65577 81402 56374 30095 8046 61498 99905 76261 95844 80035 83244 52610 6933 46688 10771 
5172 20
71104 863 32583 57587 6742 52564 67828 45727 8430 40985 78612 17102 5955 52269 22553 51447 70466 24432 57499 4624 
9269 20
9353 50815 37052 57458 95977 17441 86757 23676 23128 22497 20210 59944 96352 29253 93686 16975 19235 26592 76753 26347 
6712 19
8461 72059 14454 10214 15454 85203 87917 21673 4260 28022 62255 60773 90135 36804 76611 89403 82890 55337 4014 
6715 18
75926 94724 95314 67956 35878 70288 34769 21077 96008 68116 92033 26822 49510 69349 9544 3598 98111 1147 
9277 19
82049 24431 8730 32901 76296 75269 95698 85535 16941 1404 71851 17950 52765 26618 61344 4990 1677 69537 98478 
1598 19
81280 34493 79514 10902 11831 64519 51557 13254 57788 30557 56326 9729 17390 93254 38745 38763 11607 3331 76495 
1606 19
70957 92791 60313 95307 5223 22806 89988 87052 81083 93400 70712 443 73298 16695 70198 81745 82204 74681 14572 
2631 20
41551 46628 53154 86463 72913 11334 91910 92325 98470 95646 51443 39248 30747 65968 63405 49839 27196 48846 28844 72613 
6727 19
53500 89985 20419 46683 9975 751 99493 3037 33423 71129 33345 35650 9678 27475 169 62815 99419 89031 68367 
9805 20
63350 61658 23730 3203 30299 20438 77204 85938 82251 54566 64975 25462 34639 53462 205 69928 55021 30928 57977 60084 
5197 19
86398 35091 40458 88446 36950 39479 69462 16340 72674 2237 959 58313 24753 22871 92028 31799 45343 23035 79138 
9806 20
51194 27565 7833 23799 17347 3034 5897 66069 49240 45685 26491 63040 66792 32539 25166 75753 5999 48636 90405 91531 
9294 20
68640 37479 33522 72711 87581 96726 97076 57295 89243 48181 16973 54341 42080 37909 57516 747 23597 42870 59429 7009 
2643 20
16944 27112 19499 47714 31813 70175 46099 92516 571 55530 48641 72861 72542 60587 60965 14964 88998 92984 38170 47531 
2644 20
27945 4356 45494 43777 57696 86827 86734 35291 6193 21544 45285 8260 25465 84739 45568 35476 76246 53516 91944 25096 
4188 20
74653 78967 65716 9776 40737 95029 61376 3949 78816 98086 24790 61295 4685 9443 42996 49469 48855 94512 53254 55107 
3169 20
97013 27517 68833 45464 83548 55535 27591 81404 91815 51699 21040 28600 14258 50325 39686 32833 21488 47381 61712 88523 
8806 19
2698 72171 22017 37049 38700 4637 62452 75719 4935 58071 78327 29987 39730 40312 53684 16845 26433 68367 15056 
6247 19
39781 82602 84919 13773 93861 43826 17357 87397 1267 52998 9586 68930 97839 87127 16436 1016 80219 57766 23903 
2664 19
47589 84514 80596 73448 30059 54995 57718 52093 96111 91693 57976 65434 39531 70202 73485 47150 31295 69525 60287 
3177 20
3862 77499 72611 47795 20571 11779 95748 42259 41280 3463 95194 70659 22071 6937 87898 8418 53291 35387 36917 61995 
2666 17
53405 76598 4386 24085 29143 33667 15898 86730 95190 18220 26796 55114 77976 88819 25484 60452 78768 
9836 20
32046 32683 64956 65991 85288 72558 63244 54368 86374 10156 15151 37094 79991 93608 34747 92220 84746 78858 49563 46523 
1133 20
67618 24559 35861 6023 48670 50898 23940 20708 80544 84375 87020 41188 22869 28103 20269 23045 4635 89093 41625 21741 
8301 20
56580 44378 79257 79564 91618 80421 59243 86813 68204 42833 77553 8668 25209 73315 93091 94550 33035 77403 23887 60520 
7793 19
74441 20711 19140 31285 72487 76605 73878 32914 76578 71042 94310 72328 45180 58735 32793 18067 85846 61304 64014 
6258 20
56382 18399 4743 40405 6905 49500 39742 91261 61990 2681 79538 86338 52036 64880 78186 99517 80381 1626 18166 89297 
5747 20
31431 6244 73983 61271 55061 49244 76982 22476 84961 4551 5477 29847 21990 89643 4922 17337 65590 58762 10681 28043 
5239 20
20909 31060 84346 77815 96215 32705 99630 85295 60165 72887 93034 84253 98401 60645 84030 77807 78457 48604 40472 77922 
7287 18
73935 75752 67875 53773 35538 84244 91452 35972 31373 47716 31985 41289 56179 51665 9724 18785 12943 70999 
6263 20
6514 84977 51412 94082 65865 17914 55483 87009 37903 55235 79926 6859 63022 80246 83442 78035 28689 60147 55536 29130 
9847 20
98774 25360 49572 51583 53569 96190 34886 37905 90236 85170 76930 81346 11764 86436 67470 83320 42249 83562 40102 31148 
8834 20
94166 17043 15140 33122 28952 27208 66250 29971 94079 24810 47536 20112 26969 73288 32461 57592 69488 27790 80124 47838 
5763 20
69478 75194 78572 95236 76502 94605 66230 66108 53009 68800 25576 59364 63137 86642 26444 53371 24823 37166 59160 71306 
1670 20
9793 3253 63980 23129 3093 76288 68138 51718 71716 93037 56610 68278 16775 1764 7834 38845 74694 2236 4625 68239 
7815 19
83165 90719 82861 69558 9755 6691 29279 65395 35113 99502 21168 13176 90067 5927 48124 43089 79735 56576 47844 
8839 19
73517 4964 61444 48420 15830 62467 81713 25978 11548 30601 13780 76776 24954 93992 79479 17418 66404 80409 25692 
9359 19
13330 82061 34050 68912 73996 27446 72169 64099 35104 50397 8847 16230 1087 25878 63696 76616 81348 89808 3917 
2195 20
462 21469 62410 31905 53185 64341 18650 34559 89775 79516 25329 9115 11111 85567 42967 13602 67749 21788 30283 59308 
661 20
44823 87312 77606 55860 25973 32402 83190 15297 46618 9112 5110 48941 86001 49350 15973 41272 66405 31489 50977 26557 
5272 17
44610 49264 79790 8396 54677 6228 83652 50995 18631 26000 82744 37339 37519 52185 38740 37152 14946 
7833 20
17284 65603 15040 25955 82706 77924 48921 6455 81100 76171 13335 13413 75439 28263 951 96292 27970 28929 80729 55296 
7834 19
8043 66811 49481 35584 5965 28688 54148 60732 42104 34715 46790 17644 43920 63472 7810 15667 58700 51735 19199 
1692 19
19384 17111 1643 97683 51199 13679 87509 45606 75801 93036 26326 36480 68516 56466 56858 44581 93935 3721 12711 
4255 20
81866 82795 67242 49819 64636 96564 4701 30433 86205 36939 72649 56287 43634 80831 86341 77860 26711 99761 86820 63616 
5280 20
79446 40635 40099 20382 7245 82615 59088 72460 74762 61687 54599 23202 85492 33324 18672 85419 13124 25926 24160 43188 
5287 20
25386 25182 74984 28737 70320 78017 8987 3028 10141 27536 45300 7137 85930 80276 3206 6389 74627 61540 69034 84768 
7339 20
53848 18156 5671 32093 27500 47960 99861 37395 77692 50903 72783 95078 32405 29228 56101 29480 78398 2107 28568 43162 
5294 20
98765 77661 28350 42723 87435 22139 35912 48322 78899 22848 16698 99504 93883 14456 24523 78911 80627 93228 95852 48438 
4271 20
86717 68113 1111 28379 49633 26395 16292 12340 18754 54256 48279 71604 34348 29450 11583 24347 43577 44465 20987 61454 
6832 19
59365 25371 86543 17907 99670 65767 25364 91032 96968 20256 935 26356 80719 22132 83082 39171 44438 72490 18282 
4275 20
32042 47970 99148 93416 70417 2809 80800 4338 60857 98905 92110 21220 86342 71821 46631 63686 95189 39744 80892 86091 
6836 20
44567 73748 16538 46021 47880 34777 7098 13539 8810 11927 35649 9803 43972 60963 39964 76334 43887 63685 20434 2475 
8884 18
68993 3550 12151 59177 55880 94654 42053 36919 22326 20310 11645 63572 90230 96767 67226 6991 26684 82713 
1725 19
96309 47814 51028 11418 47773 19198 64105 75688 23399 74978 98779 37583 83255 83499 73196 20639 72812 58216 21222 
7358 20
45114 30585 6016 65619 34271 51487 8226 67570 88944 34122 46729 65508 47834 81543 36550 59605 46203 41726 63957 81897 
5311 19
76763 82953 5980 31674 73422 47594 71301 56186 41168 75001 52285 66267 40337 26765 27 81510 37385 88308 85283 
1215 19
92420 72463 38005 72157 74238 28288 67496 11905 4878 87296 66450 76553 38052 32697 78323 3191 51428 93761 31267 
8385 19
99595 41505 22621 42303 47878 42967 74830 75733 44086 12131 17066 69228 98942 10972 88746 62862 8231 48764 50374 
2247 19
30364 51686 22281 52810 82702 68102 75941 63658 38308 12144 68220 996 33832 48484 36357 84230 8131 81455 37130 
2762 20
51939 97191 41582 60104 88859 35912 64328 91667 97493 5100 61888 79870 41243 64889 11579 46548 25305 98228 64425 80991 
9937 20
73695 33274 23664 19533 64210 32255 80087 16797 27017 80626 66338 86547 67641 65351 93406 8300 93171 55483 71638 93635 
7380 20
38921 64757 37914 60172 31465 12342 20947 82460 49526 93267 28082 86398 77412 91080 90981 87971 35840 2230 86337 60646 
8405 20
15557 55744 62327 2869 35887 27052 70616 86386 11318 8937 14680 85493 75782 29265 94531 21434 4455 23404 17767 54822 
1750 20
18814 91749 54370 64392 28733 74833 70715 7149 84480 68603 97517 91723 10305 41618 80077 68908 62902 3419 11023 44587 
8407 17
53003 1674 58976 35536 73812 36215 43528 90837 71975 61032 553 71533 49023 32342 29682 24530 13322 
8408 19
23584 31076 4098 13455 16222 40222 46750 27938 3312 23569 22006 9756 47632 69966 37821 63077 82975 35896 5279 
5337 19
78638 44852 91595 89207 64741 25542 24497 672 73977 39789 76649 62762 21581 34927 64465 85424 89116 83241 35646 
8922 20
20304 84996 54162 77920 67842 39595 3565 42017 65981 18982 96594 41981 21587 85397 65273 50624 66324 44118 89647 81571 
8924 20
4045 35280 63884 11531 35164 70709 12031 19112 18916 96539 3317 94983 82408 36417 75238 39946 74346 37607 43711 60589 
7901 19
29644 57998 72008 80845 88594 16893 51089 29395 2992 18318 46423 26579 58602 88339 83308 99186 57830 10970 83517 
7389 18
73191 96539 55750 7893 52922 6141 28797 65733 50251 43180 24479 23459 88532 8061 18996 19237 57523 77292 
1764 19
21325 14379 13065 12597 54107 77315 56196 47404 20779 11406 65649 56758 64281 12587 56985 48550 65781 14640 44025 
1262 19
93039 89874 76659 59548 89597 99440 81930 28974 91993 52936 97293 37217 12010 60418 63823 21917 91379 4865 15082 
7412 20
52651 86753 27169 55422 17176 69932 80424 45165 75750 31548 94954 13706 33927 43542 59333 33887 68343 34867 5212 9474 
251 20
16364 56930 42139 380 68948 30613 28038 96369 42849 30980 36245 6156 43465 41394 36247 88034 2436 49704 80354 51726 
6910 20
72794 1819 79901 42546 59656 29904 84035 15916 74100 1461 92039 29866 30148 83844 10629 15432 68231 24360 34096 77514 
9985 19
94829 27065 4521 81477 71651 81469 5474 352 43277 44342 46976 86708 13262 95315 31641 35989 39791 18118 57997 
264 20
19188 49444 73181 68055 26064 59053 51971 32309 43906 92154 88161 22244 99607 49927 69178 12083 25941 99300 33829 58244 
3340 18
1489 7453 23964 31484 96673 54815 8177 46621 45755 89643 76201 66710 64382 37866 33191 77225 34884 82696 
2829 19
74154 85080 8252 96141 56084 13207 97725 97508 27028 82823 60182 77091 52043 91369 9546 85013 85274 91436 41562 
2830 20
81508 74125 52506 2023 24754 43765 65030 69904 50999 11521 17347 2816 93477 3571 73779 27169 85802 22923 66058 62515 
9998 19
64416 73064 53242 865 93052 85931 17066 7541 23867 63916 7193 78073 32067 85027 97190 31316 14081 34701 39237 
9487 20
30970 62805 35812 98040 24335 64606 32525 75389 32426 6038 72923 42850 2958 32950 26750 9282 52169 75819 76083 54543 
8472 20
40905 99210 78122 87231 1120 42883 47754 31206 71149 46723 42765 15709 28863 96632 37818 52642 96439 88166 74540 27105 
4388 17
34052 46182 34992 57524 81015 59041 5537 12450 50184 66454 65184 91380 82696 84944 1073 12154 36024 
5928 20
58680 9901 92971 2104 42070 89184 71629 46283 6800 93169 6437 73704 48786 98020 16327 30727 82890 70381 89660 58003 
4401 17
96546 89240 13369 27963 40054 55061 12535 92631 90009 66987 2498 176 53624 8449 55517 10694 91057 
7988 19
29220 50143 78125 54800 99324 38340 56908 73737 60842 74963 71914 77953 52276 99652 73639 11809 56061 92503 6005 
9530 19
71665 27657 59229 5518 91234 83438 3263 71577 46332 65930 3782 94433 70247 72234 18334 78919 30646 84206 8645 
7484 20
24604 27513 94567 62288 31262 6999 89053 30428 51693 499 35042 13048 1233 97413 83090 33899 33011 68859 80159 74915 
1340 18
7179 2184 2239 11220 18235 9369 48422 83278 56105 29399 30989 79385 70815 42587 66307 7227 46563 26338 
4413 20
37650 20941 49728 84151 28378 46770 7762 20025 10327 7199 86589 91694 3122 59260 57058 32534 68090 14730 66666 18639 
6464 18
73743 58880 37271 70117 7568 73781 7421 84763 19163 42483 71231 42093 8972 88610 66338 51166 78557 49221 
6977 17
16614 71114 97203 34286 50143 99975 1942 17293 75975 32183 26326 70449 32393 99006 70124 48057 66128 
6468 20
15038 84678 5418 43956 12308 70998 6743 3664 38772 45359 93445 2730 52653 33024 60710 39842 68680 81275 29476 85490 
9029 19
26710 76134 93249 21238 15282 16128 90513 15784 73968 9474 87109 54927 86492 67865 8174 14741 15325 63312 67385 
333 20
26728 28898 22979 77281 629 56312 83552 17375 16094 66274 43130 56452 66077 54340 65703 85210 98009 2253 42018 14167 
6991 18
49014 40849 64979 94663 36109 37168 39427 71212 43937 25107 27179 1984 27383 81265 8839 18473 74367 99384 
2384 19
34763 74373 28226 66377 32593 83871 6258 92352 40138 40514 44035 15032 47168 84077 75040 65527 52570 72828 89392 
848 20
26788 681 94950 1508 88991 19413 76562 4371 26029 80884 95698 69839 74184 71790 7640 10699 66596 28295 96781 87597 
4433 20
12864 94976 54230 19352 43036 10802 66372 68362 84020 46541 51197 66206 29276 23365 27731 63561 38711 53097 64294 51203 
1364 20
95115 83629 7442 46785 31631 36175 67215 53457 50191 35016 16602 13278 6637 5480 9703 22118 43337 78179 61473 18075 
4951 20
47056 28703 60464 96872 94786 83976 81802 58531 99435 17051 17168 4648 9077 60946 68640 97325 80866 84586 54317 79988 
3928 20
67684 94388 15018 30902 49155 88388 81414 99984 98055 75480 76960 41979 36372 79929 32229 11109 20790 1040 27612 45529 
349 20
55168 73350 92378 34171 93253 45706 17897 71808 20469 59352 64201 10212 39545 18167 99807 87536 56492 83215 49971 97265 
5469 18
95665 41959 65340 66309 24373 90219 5116 66396 80793 6240 71115 28439 71779 81175 94990 61342 34624 53581 
6497 19
80411 45431 91970 58460 25232 791 96622 54968 91704 4320 59139 33968 39310 39819 10431 52642 80218 84139 41187 
9060 19
30539 85768 39421 15588 91847 51498 49125 32288 58438 17460 73534 75184 28418 47744 3631 78524 82115 2832 21954 
2922 20
53663 16526 30076 62828 9446 42405 33208 87058 33656 32682 40862 19408 45653 75524 72305 51794 26814 76311 88220 72829 
875 18
34973 45012 18696 23244 22879 16430 1076 25801 66502 83367 76351 24063 50280 69768 19725 58702 7369 31777 
9582 20
68781 84645 71517 91380 80930 75325 25539 76051 18295 49047 15781 26027 57117 82593 38096 62732 79771 72058 72460 65333 
8046 20
53756 53710 48638 70965 93679 51652 13731 67877 70753 1801 80588 52846 47686 19009 89532 16932 35624 59572 9462 23451 
9583 19
98534 42148 30952 27934 66941 22618 11881 70184 38361 982 84306 69681 91996 3971 96922 83082 65819 25138 81479 
2929 17
27465 46862 54481 21993 58328 91547 30469 44911 43243 70385 87204 35499 27023 81535 38518 136 38703 
7541 18
20145 11479 83095 83579 38348 39512 9812 13215 36106 67202 90316 19940 93685 5324 36777 52966 86275 89555 
3445 20
21852 66283 37423 4035 4892 85296 33382 34801 64997 51247 38675 86625 44515 54121 61680 42696 67596 96884 27253 81792 
2935 19
75105 89387 34906 79361 89879 37879 63695 14544 91478 68413 1992 29005 34047 44126 84668 13418 7784 37916 94414 
6008 20
96729 34879 87851 60417 14507 29348 5250 43410 80558 79165 36282 29920 45867 54791 11410 84551 49132 65795 34661 24401 
1401 20
36831 63672 99567 77727 89744 88283 650 85309 21662 4430 41249 40839 18325 63603 33765 25313 35776 59882 32087 10209 
3454 19
19304 7321 31384 52330 65362 68136 79703 65309 32422 34871 19732 4898 65984 61351 9148 55062 84783 98346 65778 
7040 20
52031 81695 26840 61395 19113 95228 36601 40241 63916 6429 80914 20104 40704 68762 15896 9114 18632 51633 12011 10448 
6017 19
23138 44017 81823 36596 97607 24947 46107 76080 76518 908 47062 96869 90235 99079 90217 13927 80407 27909 99549 
4482 20
10365 78570 57388 67305 50173 81854 44967 44553 79991 83502 97425 44312 90221 61732 54183 93118 49467 89662 89503 24692 
6020 19
37584 20367 16329 67998 55774 38092 6235 35028 65581 141 95373 25232 46814 95225 38747 5209 77779 38495 7074 
904 17
16486 97527 24713 90569 31208 37057 64466 71323 7538 1135 96928 53568 44808 28012 62617 86297 26397 
1928 20
30272 2137 37082 99276 35298 71206 91387 28227 7612 29389 13849 50666 98559 16058 78401 56262 83502 9633 97196 71220 
2442 20
98604 40660 48214 96549 48399 27609 9663 16400 62385 48981 72868 84503 58775 31444 4533 16842 25730 69852 99505 73543 
7050 20
66657 85014 35575 63853 39815 11958 13613 84806 37230 57452 21397 6540 53270 41269 34199 54619 45019 37315 79055 40683 
1420 19
88102 26410 11526 27803 24206 46426 76512 84686 24401 39276 20791 82035 74425 28783 1597 72371 18028 89894 80524 
5006 20
64415 54828 54408 53649 91079 68314 25614 95257 21514 6050 30427 35815 12938 50106 57867 76702 43268 18289 46101 39830 
1424 19
74316 70030 43196 88912 5751 62620 82775 35687 32595 78366 503 88092 88949 60367 37377 18512 75658 75603 76808 
9618 19
89076 59376 33397 98375 82354 69299 22615 25482 94777 98974 50619 8646 2458 44304 84855 9983 62320 4238 62769 
9619 19
71889 4945 59750 8715 22074 66905 33053 53603 81817 99231 94054 16869 63514 93670 74864 89384 97570 67923 41545 
1949 20
29512 75188 98832 96757 24096 18968 63589 2883 99686 41367 77607 82966 5658 99572 21318 52845 71256 1416 46254 7767 
7072 19
96718 96889 90714 23931 95736 95521 52746 73842 3659 60880 72820 26289 80706 39286 17708 23190 14344 97556 28666 
4513 20
38189 40848 49050 38979 38479 71928 11304 52031 63081 48415 88072 85018 77628 22984 60048 60769 47890 28662 4090 5672 
417 20
47041 60189 35858 93582 95889 53611 24763 15324 96586 54617 42052 6910 23860 1989 67351 99685 66048 94957 10368 275 
2468 20
58641 44075 48757 82367 58943 84408 75860 59586 92160 6745 15132 64188 67246 97638 55111 22455 4270 71515 76499 50910 
9636 19
66300 4076 45399 27211 97065 85429 94382 81091 3261 22875 7273 11817 13836 74739 77358 8473 26596 14039 52435 
4006 20
73549 27982 20336 66990 26469 16659 35677 55852 29579 69553 12746 43253 94250 95141 70040 14125 51192 11214 54398 48413 
1959 20
33065 26926 92586 8816 80465 30904 66986 30360 58849 15504 6488 37462 37814 78377 2558 22070 40740 26841 65440 79779 
1962 19
10878 44428 29826 58664 73818 78135 73637 89879 62671 2502 84765 51671 82765 96098 68175 96281 30483 37278 69742 
5036 20
53126 13524 39032 31959 579 39903 58639 85664 40914 46328 9900 30645 13644 92696 18083 29604 35359 52674 77929 45519 
9647 19
95318 35547 25354 77077 15121 3723 36307 24037 93830 36874 69201 25514 46419 6639 14951 22523 20992 29392 47109 
2995 18
84242 52134 57138 43436 30202 5274 19261 9318 1247 21413 19577 74081 18246 63121 30414 52146 5441 34544 
8117 19
14959 82206 25506 86052 70570 85583 4576 95339 87340 77852 45061 33954 43528 84635 97180 25582 82481 42394 54384 
1465 20
81711 6159 19036 45149 38758 50666 33539 18009 7543 52286 78843 90912 10613 30721 71796 82355 29361 74811 44199 96 
2493 20
33551 48818 83473 43399 79579 40108 15829 33432 76814 39918 58246 74389 57871 4729 32355 95617 42085 63953 8519 35806 
5053 19
10965 95967 37442 47759 56682 93391 25811 97862 93125 25989 11913 63193 97335 73720 59427 19673 39551 59378 45636 
5057 18
69573 56288 20724 92737 37004 51615 56493 37723 54671 35107 52320 30101 98302 27485 26128 91836 27927 10394 
3523 20
14623 34807 56113 61656 49092 89143 92911 39469 85122 63837 40136 55861 672 22389 6594 69437 82484 83589 46939 66494 
3525 19
5122 89782 97816 53202 33222 22992 54655 28338 80204 60690 11729 99793 88124 39839 72796 4701 90138 9648 26248 
1478 20
16541 29280 81910 40915 94114 94760 88154 59763 16091 11030 29736 44076 95287 70272 31959 21990 99281 3165 56764 89956 
3015 20
4840 34244 59103 45093 10788 32227 45619 12014 57506 60802 61320 56574 18432 84758 34807 44696 50932 62459 94206 55366 
5065 19
9950 32542 77520 40458 6870 28703 99038 20130 71880 311 28614 71471 75917 3096 99758 62380 69453 89812 63892 
972 20
2389 22442 23737 67061 16153 90445 2497 41005 35199 17859 54586 15185 47495 55508 27474 43377 60423 71103 42783 67802 
974 20
90806 34577 2107 36841 75170 52876 52218 59834 95871 59541 50584 29246 50200 44538 81697 81788 8501 18023 5647 18860 
976 20
61575 84408 3485 79713 84913 20915 69105 7768 3121 78129 70061 2565 96395 1581 27399 89648 25452 61758 40726 92649 
5073 19
61732 45208 1600 68016 21584 41490 17662 30100 1651 48921 10573 92389 70780 46035 40888 36875 86595 54000 73007 
2005 19
79354 84815 95397 70907 83642 57394 85118 94316 77068 78552 97916 19293 31161 21358 65171 17246 26904 94802 36257 
9692 17
10196 53196 12574 17138 59362 90107 6893 70740 89000 95232 38246 94674 45235 44492 991 4046 49181 
3038 20
54771 83715 35781 6670 42724 74535 88556 39108 69583 77621 78023 77961 6021 87132 39175 85081 15187 54995 15116 87299 
6112 19
71160 95625 87586 21317 47382 40142 95722 93072 6901 86659 1051 96465 54018 27539 61716 78666 57834 13248 31668 
5608 20
31736 27604 77270 91541 83487 80523 55890 77152 25460 31023 5011 81161 72801 88551 47547 66487 19034 80381 95222 77010 
5621 19
28194 12746 52140 32620 45934 78307 34928 94534 4633 27127 7845 3209 80098 19098 59919 60026 56717 14822 91081 
9717 20
31011 54700 53060 87353 81030 17131 83029 80175 89528 24005 10492 36358 8818 80746 85268 71094 34430 49619 17668 31613 
6134 20
3 84770 17304 21341 15130 83989 16441 88845 28511 93362 14464 20223 46847 15983 59575 72197 54442 53746 8314 58272 
8696 20
35619 5076 45104 78115 87902 44776 77630 66416 24855 17085 86267 2284 82092 38304 42488 3876 82577 89554 94634 65791 
5628 19
65347 19434 37945 60959 42494 56090 98738 77697 65848 93725 70848 4356 20184 70865 62968 2466 50978 49668 42200 
6141 18
53624 88688 82967 48360 38641 57400 14509 75195 53885 13895 91077 15322 11291 50634 38111 17779 94993 75205 
