37
705 2
94166 76597 
131 1
15059 
3 1
29482 
325 2
90906 69963 
583 1
91640 
264 1
81930 
8 1
85895 
205 1
55019 
269 2
35658 43805 
77 1
96577 
209 1
90215 
594 1
47866 
210 1
85931 
467 1
26404 
339 1
47777 
277 1
17352 
598 2
69675 76470 
602 2
18890 27453 
858 1
35655 
475 2
99608 46883 
28 2
28686 22254 
220 2
9055 50357 
99 1
70676 
298 2
36471 16771 
938 1
95397 
555 1
97730 
434 2
10138 80399 
373 1
39827 
182 2
3633 47556 
888 1
1047 
696 2
20038 70299 
953 1
6199 
955 1
14346 
700 2
9778 55238 
956 1
82362 
253 1
18063 
189 2
59448 79650 
